plasmid	RCE05_s10	RCE05_s11	RCE05_s15	RCE05_s19	RCE05_s20	RCE05_s22	RCE05_s24	RCE05_s26	RCE05_s31	RCE05_s35	RCE05_s4	RCE05_s46	RCE05_s48	RCE05_s49	RCE05_s50	RCE05_s53	RCE05_s6	RCE05_s60	RCE05_s8
19_cp59	19_cp59	1	0	0	1	0	0	0	0	0	0	0	0	1	1	0	0	0	0	0.98031598031598
4_cp66	4_cp66	0	0	1	0	0	0	0	1	0	0.977709995307367	1	0	0	0	0	0	0	0	0
4_cp76	4_cp76	0	0	1	0	0	0	0	0.997521685254027	0	0.970570012391574	1	0	0	0	0	0	0	0	0
4_cp79	4_cp79	0	0	1	0	0	0	0	1	0	0.999651689306862	1	0	0	0	0	0	0	0	1
60_cp68	60_cp68	1	1	0	1	1	1	1	0	1	0	0	1	1	1	1	1	1	1	1
60_sp1	60_sp1	0.993643661470177	0.996301268527905	0.0293432696786213	0.998703160817191	0.99036503283195	0.998401782697243	0.999141528991662	0.0184205959980639	0.988894672913413	0.0184205959980639	0.017781309076961	0.272537147136451	0.999333315067993	0.995470195530471	0.996200809154589	0.999981734659397	0.999917805967287	1	0.996712238691471
60_sp2	60_sp2	0.993923281428029	0	0	0.994184390429168	0.859926889479681	0.994659134067604	0	0	0.993614698063046	0	0	0.912030003797949	0.996083364982909	0.993685909608811	0.993685909608811	0	0	1	0.981579946828713
60_sp3	60_sp3	0.988887136624087	0.992693055774589	0	0.994028281553908	0.99679335541187	0.997676496872207	0.000294380486779162	0	0.997539820217631	0	0	0.99614151290543	0.99290332755086	0.997613415339326	0.99275613730747	0.994238553330179	0.996877464122378	1	0.999600483625085
4_cp77	4_cp77	0	0	1	0	0	0	0	1	0	1	1	0	0	0	0	0	0	0	1
